1 -1 0 0  0 -.5 1 0 0 0 0 0 0 0 0 0
2 -2 1 20.0 0.0 5.0 0.7071067811865476 0.7071067811865475 0.0 0.0 0 0 0 0 0 0
2 -2 1 1.2246467991473533e-15 20.0 5.0 0.5000000000000001 0.5 0.4999999999999999 0.5 0 0 0 0 0 0
2 -2 1 -20.0 2.4492935982947065e-15 5.0 4.329780281177467e-17 4.329780281177466e-17 0.7071067811865475 0.7071067811865476 0 0 0 0 0 0
2 -2 1 -3.673940397442059e-15 -20.0 5.0 -0.5 -0.4999999999999999 0.5 0.5000000000000001 0 0 0 0 0 0
0 0 1 0 0 20 0.7071067811865476 0.7071067811865475 0.0 0.0 0 0 0 0 0 0
0 0 1 0 0 26 0.7071067811865476 0.7071067811865475 0.0 0.0 0 0 0 0 0 0
0 0 1 0 0 32 0.7071067811865476 0.7071067811865475 0.0 0.0 0 0 0 0 0 0
0 0 1 0 0 38 0.7071067811865476 0.7071067811865475 0.0 0.0 0 0 0 0 0 0
0 0 1 0 0 44 0.7071067811865476 0.7071067811865475 0.0 0.0 0 0 0 0 0 0
0 0 1 0 0 50 0.7071067811865476 0.7071067811865475 0.0 0.0 0 0 0 0 0 0
0 0 1 0 0 56 0.7071067811865476 0.7071067811865475 0.0 0.0 0 0 0 0 0 0
0 0 1 0 0 62 0.7071067811865476 0.7071067811865475 0.0 0.0 0 0 0 0 0 0
0 0 1 0 0 68 0.7071067811865476 0.7071067811865475 0.0 0.0 0 0 0 0 0 0
0 0 1 0 0 74 0.7071067811865476 0.7071067811865475 0.0 0.0 0 0 0 0 0 0
0 0 1 0 0 80 0.7071067811865476 0.7071067811865475 0.0 0.0 0 0 0 0 0 0
0 0 1 0 0 86 0.7071067811865476 0.7071067811865475 0.0 0.0 0 0 0 0 0 0
0 0 1 0 0 92 0.7071067811865476 0.7071067811865475 0.0 0.0 0 0 0 0 0 0
0 0 1 0 0 98 0.7071067811865476 0.7071067811865475 0.0 0.0 0 0 0 0 0 0
0 0 1 0 0 104 0.7071067811865476 0.7071067811865475 0.0 0.0 0 0 0 0 0 0
0 0 1 0 0 110 0.7071067811865476 0.7071067811865475 0.0 0.0 0 0 0 0 0 0
0 0 1 0 0 116 0.7071067811865476 0.7071067811865475 0.0 0.0 0 0 0 0 0 0
0 0 1 0 0 122 0.7071067811865476 0.7071067811865475 0.0 0.0 0 0 0 0 0 0
0 0 1 0 0 128 0.7071067811865476 0.7071067811865475 0.0 0.0 0 0 0 0 0 0
0 0 1 0 0 134 0.7071067811865476 0.7071067811865475 0.0 0.0 0 0 0 0 0 0
0 0 1 0 0 140 0.7071067811865476 0.7071067811865475 0.0 0.0 0 0 0 0 0 0
0 0 1 0 0 146 0.7071067811865476 0.7071067811865475 0.0 0.0 0 0 0 0 0 0
0 0 1 0 0 152 0.7071067811865476 0.7071067811865475 0.0 0.0 0 0 0 0 0 0
0 0 1 0 0 158 0.7071067811865476 0.7071067811865475 0.0 0.0 0 0 0 0 0 0
0 0 1 0 0 164 0.7071067811865476 0.7071067811865475 0.0 0.0 0 0 0 0 0 0
0 0 1 0 0 170 0.7071067811865476 0.7071067811865475 0.0 0.0 0 0 0 0 0 0
0 0 1 0 0 176 0.7071067811865476 0.7071067811865475 0.0 0.0 0 0 0 0 0 0
0 0 1 0 0 182 0.7071067811865476 0.7071067811865475 0.0 0.0 0 0 0 0 0 0
0 0 1 0 0 188 0.7071067811865476 0.7071067811865475 0.0 0.0 0 0 0 0 0 0
0 0 1 0 0 194 0.7071067811865476 0.7071067811865475 0.0 0.0 0 0 0 0 0 0
0 0 1 0 0 200 0.7071067811865476 0.7071067811865475 0.0 0.0 0 0 0 0 0 0
0 0 1 0 0 206 0.7071067811865476 0.7071067811865475 0.0 0.0 0 0 0 0 0 0
0 0 1 0 0 212 0.7071067811865476 0.7071067811865475 0.0 0.0 0 0 0 0 0 0
0 0 1 0 0 218 0.7071067811865476 0.7071067811865475 0.0 0.0 0 0 0 0 0 0
0 0 1 0 0 224 0.7071067811865476 0.7071067811865475 0.0 0.0 0 0 0 0 0 0
0 0 1 0 0 230 0.7071067811865476 0.7071067811865475 0.0 0.0 0 0 0 0 0 0
0 0 1 0 0 236 0.7071067811865476 0.7071067811865475 0.0 0.0 0 0 0 0 0 0
0 0 1 0 0 242 0.7071067811865476 0.7071067811865475 0.0 0.0 0 0 0 0 0 0
0 0 1 0 0 248 0.7071067811865476 0.7071067811865475 0.0 0.0 0 0 0 0 0 0
0 0 1 0 0 254 0.7071067811865476 0.7071067811865475 0.0 0.0 0 0 0 0 0 0
0 0 1 0 0 260 0.7071067811865476 0.7071067811865475 0.0 0.0 0 0 0 0 0 0
0 0 1 0 0 266 0.7071067811865476 0.7071067811865475 0.0 0.0 0 0 0 0 0 0
0 0 1 0 0 272 0.7071067811865476 0.7071067811865475 0.0 0.0 0 0 0 0 0 0
0 0 1 0 0 278 0.7071067811865476 0.7071067811865475 0.0 0.0 0 0 0 0 0 0
0 0 1 0 0 284 0.7071067811865476 0.7071067811865475 0.0 0.0 0 0 0 0 0 0
0 0 1 0 0 290 0.7071067811865476 0.7071067811865475 0.0 0.0 0 0 0 0 0 0
0 0 1 0 0 296 0.7071067811865476 0.7071067811865475 0.0 0.0 0 0 0 0 0 0
0 0 1 0 0 302 0.7071067811865476 0.7071067811865475 0.0 0.0 0 0 0 0 0 0
0 0 1 0 0 308 0.7071067811865476 0.7071067811865475 0.0 0.0 0 0 0 0 0 0
0 0 1 0 0 314 0.7071067811865476 0.7071067811865475 0.0 0.0 0 0 0 0 0 0
0 0 1 0 0 320 0.7071067811865476 0.7071067811865475 0.0 0.0 0 0 0 0 0 0
0 0 1 0 0 326 0.7071067811865476 0.7071067811865475 0.0 0.0 0 0 0 0 0 0
0 0 1 0 0 332 0.7071067811865476 0.7071067811865475 0.0 0.0 0 0 0 0 0 0
0 0 1 0 0 338 0.7071067811865476 0.7071067811865475 0.0 0.0 0 0 0 0 0 0
0 0 1 0 0 344 0.7071067811865476 0.7071067811865475 0.0 0.0 0 0 0 0 0 0
0 0 1 0 0 350 0.7071067811865476 0.7071067811865475 0.0 0.0 0 0 0 0 0 0
0 0 1 0 0 356 0.7071067811865476 0.7071067811865475 0.0 0.0 0 0 0 0 0 0
0 0 1 0 0 362 0.7071067811865476 0.7071067811865475 0.0 0.0 0 0 0 0 0 0
0 0 1 0 0 368 0.7071067811865476 0.7071067811865475 0.0 0.0 0 0 0 0 0 0
0 0 1 0 0 374 0.7071067811865476 0.7071067811865475 0.0 0.0 0 0 0 0 0 0
0 0 1 0 0 380 0.7071067811865476 0.7071067811865475 0.0 0.0 0 0 0 0 0 0
0 0 1 0 0 386 0.7071067811865476 0.7071067811865475 0.0 0.0 0 0 0 0 0 0
0 0 1 0 0 392 0.7071067811865476 0.7071067811865475 0.0 0.0 0 0 0 0 0 0
0 0 1 0 0 398 0.7071067811865476 0.7071067811865475 0.0 0.0 0 0 0 0 0 0
0 0 1 0 0 404 0.7071067811865476 0.7071067811865475 0.0 0.0 0 0 0 0 0 0
0 0 1 0 0 410 0.7071067811865476 0.7071067811865475 0.0 0.0 0 0 0 0 0 0
0 0 1 0 0 416 0.7071067811865476 0.7071067811865475 0.0 0.0 0 0 0 0 0 0
0 0 1 0 0 422 0.7071067811865476 0.7071067811865475 0.0 0.0 0 0 0 0 0 0
0 0 1 0 0 428 0.7071067811865476 0.7071067811865475 0.0 0.0 0 0 0 0 0 0
0 0 1 0 0 434 0.7071067811865476 0.7071067811865475 0.0 0.0 0 0 0 0 0 0
0 0 1 0 0 440 0.7071067811865476 0.7071067811865475 0.0 0.0 0 0 0 0 0 0
0 0 1 0 0 446 0.7071067811865476 0.7071067811865475 0.0 0.0 0 0 0 0 0 0
0 0 1 0 0 452 0.7071067811865476 0.7071067811865475 0.0 0.0 0 0 0 0 0 0
0 0 1 0 0 458 0.7071067811865476 0.7071067811865475 0.0 0.0 0 0 0 0 0 0
0 0 1 0 0 464 0.7071067811865476 0.7071067811865475 0.0 0.0 0 0 0 0 0 0
0 0 1 0 0 470 0.7071067811865476 0.7071067811865475 0.0 0.0 0 0 0 0 0 0
0 0 1 0 0 476 0.7071067811865476 0.7071067811865475 0.0 0.0 0 0 0 0 0 0
0 0 1 0 0 482 0.7071067811865476 0.7071067811865475 0.0 0.0 0 0 0 0 0 0
0 0 1 0 0 488 0.7071067811865476 0.7071067811865475 0.0 0.0 0 0 0 0 0 0
0 0 1 0 0 494 0.7071067811865476 0.7071067811865475 0.0 0.0 0 0 0 0 0 0
0 0 1 0 0 500 0.7071067811865476 0.7071067811865475 0.0 0.0 0 0 0 0 0 0
0 0 1 0 0 506 0.7071067811865476 0.7071067811865475 0.0 0.0 0 0 0 0 0 0
0 0 1 0 0 512 0.7071067811865476 0.7071067811865475 0.0 0.0 0 0 0 0 0 0
0 0 1 0 0 518 0.7071067811865476 0.7071067811865475 0.0 0.0 0 0 0 0 0 0
0 0 1 0 0 524 0.7071067811865476 0.7071067811865475 0.0 0.0 0 0 0 0 0 0
0 0 1 0 0 530 0.7071067811865476 0.7071067811865475 0.0 0.0 0 0 0 0 0 0
0 0 1 0 0 536 0.7071067811865476 0.7071067811865475 0.0 0.0 0 0 0 0 0 0
0 0 1 0 0 542 0.7071067811865476 0.7071067811865475 0.0 0.0 0 0 0 0 0 0
0 0 1 0 0 548 0.7071067811865476 0.7071067811865475 0.0 0.0 0 0 0 0 0 0
0 0 1 0 0 554 0.7071067811865476 0.7071067811865475 0.0 0.0 0 0 0 0 0 0
0 0 1 0 0 560 0.7071067811865476 0.7071067811865475 0.0 0.0 0 0 0 0 0 0
0 0 1 0 0 566 0.7071067811865476 0.7071067811865475 0.0 0.0 0 0 0 0 0 0
0 0 1 0 0 572 0.7071067811865476 0.7071067811865475 0.0 0.0 0 0 0 0 0 0
0 0 1 0 0 578 0.7071067811865476 0.7071067811865475 0.0 0.0 0 0 0 0 0 0
0 0 1 0 0 584 0.7071067811865476 0.7071067811865475 0.0 0.0 0 0 0 0 0 0
0 0 1 0 0 590 0.7071067811865476 0.7071067811865475 0.0 0.0 0 0 0 0 0 0
0 0 1 0 0 596 0.7071067811865476 0.7071067811865475 0.0 0.0 0 0 0 0 0 0
0 0 1 0 0 602 0.7071067811865476 0.7071067811865475 0.0 0.0 0 0 0 0 0 0
0 0 1 0 0 608 0.7071067811865476 0.7071067811865475 0.0 0.0 0 0 0 0 0 0
0 0 1 0 0 614 0.7071067811865476 0.7071067811865475 0.0 0.0 0 0 0 0 0 0
