NEW MECAx SETS                
STEP 1                        
      3                        
      4                        
      9     121                
   1079                        
   1080                        
   1081                        
   1082                        
   1083                        
   1084                        
   1085                        
   1086                        
   1087                        
   1088                        
   1089                        
    595                        
    596                        
    597                        
    598                        
    599                        
    600                        
    601                        
    602                        
    603                        
    604                        
    605                        
    111                        
    112                        
    113                        
    114                        
    115                        
    116                        
    117                        
    118                        
    119                        
    120                        
    121                        
   1200                        
   1201                        
   1202                        
   1203                        
   1204                        
   1205                        
   1206                        
   1207                        
   1208                        
   1209                        
   1210                        
    716                        
    717                        
    718                        
    719                        
    720                        
    721                        
    722                        
    723                        
    724                        
    725                        
    726                        
    232                        
    233                        
    234                        
    235                        
    236                        
    237                        
    238                        
    239                        
    240                        
    241                        
    242                        
   1321                        
   1322                        
   1323                        
   1324                        
   1325                        
   1326                        
   1327                        
   1328                        
   1329                        
   1330                        
   1331                        
    837                        
    838                        
    839                        
    840                        
    841                        
    842                        
    843                        
    844                        
    845                        
    846                        
    847                        
    353                        
    354                        
    355                        
    356                        
    357                        
    358                        
    359                        
    360                        
    361                        
    362                        
    363                        
    958                        
    959                        
    960                        
    961                        
    962                        
    963                        
    964                        
    965                        
    966                        
    967                        
    968                        
    474                        
    475                        
    476                        
    477                        
    478                        
    479                        
    480                        
    481                        
    482                        
    483                        
    484                        
     10     231                
   2059                        
   2060                        
   2061                        
   2062                        
   2063                        
   2064                        
   2065                        
   2066                        
   2067                        
   2068                        
   2069                        
   2070                        
   2071                        
   2072                        
   2073                        
   2074                        
   2075                        
   2076                        
   2077                        
   2078                        
   2079                        
   1597                        
   1598                        
   1599                        
   1600                        
   1601                        
   1602                        
   1603                        
   1604                        
   1605                        
   1606                        
   1607                        
   1608                        
   1609                        
   1610                        
   1611                        
   1612                        
   1613                        
   1614                        
   1615                        
   1616                        
   1617                        
   1135                        
   1136                        
   1137                        
   1138                        
   1139                        
   1140                        
   1141                        
   1142                        
   1143                        
   1144                        
   1145                        
   1146                        
   1147                        
   1148                        
   1149                        
   1150                        
   1151                        
   1152                        
   1153                        
   1154                        
   1155                        
    673                        
    674                        
    675                        
    676                        
    677                        
    678                        
    679                        
    680                        
    681                        
    682                        
    683                        
    684                        
    685                        
    686                        
    687                        
    688                        
    689                        
    690                        
    691                        
    692                        
    693                        
    211                        
    212                        
    213                        
    214                        
    215                        
    216                        
    217                        
    218                        
    219                        
    220                        
    221                        
    222                        
    223                        
    224                        
    225                        
    226                        
    227                        
    228                        
    229                        
    230                        
    231                        
   2290                        
   2291                        
   2292                        
   2293                        
   2294                        
   2295                        
   2296                        
   2297                        
   2298                        
   2299                        
   2300                        
   2301                        
   2302                        
   2303                        
   2304                        
   2305                        
   2306                        
   2307                        
   2308                        
   2309                        
   2310                        
   1828                        
   1829                        
   1830                        
   1831                        
   1832                        
   1833                        
   1834                        
   1835                        
   1836                        
   1837                        
   1838                        
   1839                        
   1840                        
   1841                        
   1842                        
   1843                        
   1844                        
   1845                        
   1846                        
   1847                        
   1848                        
   1366                        
   1367                        
   1368                        
   1369                        
   1370                        
   1371                        
   1372                        
   1373                        
   1374                        
   1375                        
   1376                        
   1377                        
   1378                        
   1379                        
   1380                        
   1381                        
   1382                        
   1383                        
   1384                        
   1385                        
   1386                        
    904                        
    905                        
    906                        
    907                        
    908                        
    909                        
    910                        
    911                        
    912                        
    913                        
    914                        
    915                        
    916                        
    917                        
    918                        
    919                        
    920                        
    921                        
    922                        
    923                        
    924                        
    442                        
    443                        
    444                        
    445                        
    446                        
    447                        
    448                        
    449                        
    450                        
    451                        
    452                        
    453                        
    454                        
    455                        
    456                        
    457                        
    458                        
    459                        
    460                        
    461                        
    462                        
   2521                        
   2522                        
   2523                        
   2524                        
   2525                        
   2526                        
   2527                        
   2528                        
   2529                        
   2530                        
   2531                        
   2532                        
   2533                        
   2534                        
   2535                        
   2536                        
   2537                        
   2538                        
   2539                        
   2540                        
   2541                        
     11     231                
   2059                        
   2060                        
   2061                        
   2062                        
   2063                        
   2064                        
   2065                        
   2066                        
   2067                        
   2068                        
   2069                        
   2070                        
   2071                        
   2072                        
   2073                        
   2074                        
   2075                        
   2076                        
   2077                        
   2078                        
   2079                        
   1597                        
   1598                        
   1599                        
   1600                        
   1601                        
   1602                        
   1603                        
   1604                        
   1605                        
   1606                        
   1607                        
   1608                        
   1609                        
   1610                        
   1611                        
   1612                        
   1613                        
   1614                        
   1615                        
   1616                        
   1617                        
   1135                        
   1136                        
   1137                        
   1138                        
   1139                        
   1140                        
   1141                        
   1142                        
   1143                        
   1144                        
   1145                        
   1146                        
   1147                        
   1148                        
   1149                        
   1150                        
   1151                        
   1152                        
   1153                        
   1154                        
   1155                        
    673                        
    674                        
    675                        
    676                        
    677                        
    678                        
    679                        
    680                        
    681                        
    682                        
    683                        
    684                        
    685                        
    686                        
    687                        
    688                        
    689                        
    690                        
    691                        
    692                        
    693                        
    211                        
    212                        
    213                        
    214                        
    215                        
    216                        
    217                        
    218                        
    219                        
    220                        
    221                        
    222                        
    223                        
    224                        
    225                        
    226                        
    227                        
    228                        
    229                        
    230                        
    231                        
   2290                        
   2291                        
   2292                        
   2293                        
   2294                        
   2295                        
   2296                        
   2297                        
   2298                        
   2299                        
   2300                        
   2301                        
   2302                        
   2303                        
   2304                        
   2305                        
   2306                        
   2307                        
   2308                        
   2309                        
   2310                        
   1828                        
   1829                        
   1830                        
   1831                        
   1832                        
   1833                        
   1834                        
   1835                        
   1836                        
   1837                        
   1838                        
   1839                        
   1840                        
   1841                        
   1842                        
   1843                        
   1844                        
   1845                        
   1846                        
   1847                        
   1848                        
   1366                        
   1367                        
   1368                        
   1369                        
   1370                        
   1371                        
   1372                        
   1373                        
   1374                        
   1375                        
   1376                        
   1377                        
   1378                        
   1379                        
   1380                        
   1381                        
   1382                        
   1383                        
   1384                        
   1385                        
   1386                        
    904                        
    905                        
    906                        
    907                        
    908                        
    909                        
    910                        
    911                        
    912                        
    913                        
    914                        
    915                        
    916                        
    917                        
    918                        
    919                        
    920                        
    921                        
    922                        
    923                        
    924                        
    442                        
    443                        
    444                        
    445                        
    446                        
    447                        
    448                        
    449                        
    450                        
    451                        
    452                        
    453                        
    454                        
    455                        
    456                        
    457                        
    458                        
    459                        
    460                        
    461                        
    462                        
   2521                        
   2522                        
   2523                        
   2524                        
   2525                        
   2526                        
   2527                        
   2528                        
   2529                        
   2530                        
   2531                        
   2532                        
   2533                        
   2534                        
   2535                        
   2536                        
   2537                        
   2538                        
   2539                        
   2540                        
   2541                        
     12     231                
   2059                        
   2060                        
   2061                        
   2062                        
   2063                        
   2064                        
   2065                        
   2066                        
   2067                        
   2068                        
   2069                        
   2070                        
   2071                        
   2072                        
   2073                        
   2074                        
   2075                        
   2076                        
   2077                        
   2078                        
   2079                        
   1597                        
   1598                        
   1599                        
   1600                        
   1601                        
   1602                        
   1603                        
   1604                        
   1605                        
   1606                        
   1607                        
   1608                        
   1609                        
   1610                        
   1611                        
   1612                        
   1613                        
   1614                        
   1615                        
   1616                        
   1617                        
   1135                        
   1136                        
   1137                        
   1138                        
   1139                        
   1140                        
   1141                        
   1142                        
   1143                        
   1144                        
   1145                        
   1146                        
   1147                        
   1148                        
   1149                        
   1150                        
   1151                        
   1152                        
   1153                        
   1154                        
   1155                        
    673                        
    674                        
    675                        
    676                        
    677                        
    678                        
    679                        
    680                        
    681                        
    682                        
    683                        
    684                        
    685                        
    686                        
    687                        
    688                        
    689                        
    690                        
    691                        
    692                        
    693                        
    211                        
    212                        
    213                        
    214                        
    215                        
    216                        
    217                        
    218                        
    219                        
    220                        
    221                        
    222                        
    223                        
    224                        
    225                        
    226                        
    227                        
    228                        
    229                        
    230                        
    231                        
   2290                        
   2291                        
   2292                        
   2293                        
   2294                        
   2295                        
   2296                        
   2297                        
   2298                        
   2299                        
   2300                        
   2301                        
   2302                        
   2303                        
   2304                        
   2305                        
   2306                        
   2307                        
   2308                        
   2309                        
   2310                        
   1828                        
   1829                        
   1830                        
   1831                        
   1832                        
   1833                        
   1834                        
   1835                        
   1836                        
   1837                        
   1838                        
   1839                        
   1840                        
   1841                        
   1842                        
   1843                        
   1844                        
   1845                        
   1846                        
   1847                        
   1848                        
   1366                        
   1367                        
   1368                        
   1369                        
   1370                        
   1371                        
   1372                        
   1373                        
   1374                        
   1375                        
   1376                        
   1377                        
   1378                        
   1379                        
   1380                        
   1381                        
   1382                        
   1383                        
   1384                        
   1385                        
   1386                        
    904                        
    905                        
    906                        
    907                        
    908                        
    909                        
    910                        
    911                        
    912                        
    913                        
    914                        
    915                        
    916                        
    917                        
    918                        
    919                        
    920                        
    921                        
    922                        
    923                        
    924                        
    442                        
    443                        
    444                        
    445                        
    446                        
    447                        
    448                        
    449                        
    450                        
    451                        
    452                        
    453                        
    454                        
    455                        
    456                        
    457                        
    458                        
    459                        
    460                        
    461                        
    462                        
   2521                        
   2522                        
   2523                        
   2524                        
   2525                        
   2526                        
   2527                        
   2528                        
   2529                        
   2530                        
   2531                        
   2532                        
   2533                        
   2534                        
   2535                        
   2536                        
   2537                        
   2538                        
   2539                        
   2540                        
   2541                        
      4                        
      9     121                
   1211                        
   1212                        
   1213                        
   1214                        
   1215                        
   1216                        
   1217                        
   1218                        
   1219                        
   1220                        
   1221                        
   1222                        
   1223                        
   1224                        
   1225                        
   1226                        
   1227                        
   1228                        
   1229                        
   1230                        
   1231                        
   1232                        
   1233                        
   1234                        
   1235                        
   1236                        
   1237                        
   1238                        
   1239                        
   1240                        
   1241                        
   1242                        
   1243                        
   1244                        
   1245                        
   1246                        
   1247                        
   1248                        
   1249                        
   1250                        
   1251                        
   1252                        
   1253                        
   1254                        
   1255                        
   1256                        
   1257                        
   1258                        
   1259                        
   1260                        
   1261                        
   1262                        
   1263                        
   1264                        
   1265                        
   1266                        
   1267                        
   1268                        
   1269                        
   1270                        
   1271                        
   1272                        
   1273                        
   1274                        
   1275                        
   1276                        
   1277                        
   1278                        
   1279                        
   1280                        
   1281                        
   1282                        
   1283                        
   1284                        
   1285                        
   1286                        
   1287                        
   1288                        
   1289                        
   1290                        
   1291                        
   1292                        
   1293                        
   1294                        
   1295                        
   1296                        
   1297                        
   1298                        
   1299                        
   1300                        
   1301                        
   1302                        
   1303                        
   1304                        
   1305                        
   1306                        
   1307                        
   1308                        
   1309                        
   1310                        
   1311                        
   1312                        
   1313                        
   1314                        
   1315                        
   1316                        
   1317                        
   1318                        
   1319                        
   1320                        
   1321                        
   1322                        
   1323                        
   1324                        
   1325                        
   1326                        
   1327                        
   1328                        
   1329                        
   1330                        
   1331                        
     10     231                
   2311                        
   2312                        
   2313                        
   2314                        
   2315                        
   2316                        
   2317                        
   2318                        
   2319                        
   2320                        
   2321                        
   2322                        
   2323                        
   2324                        
   2325                        
   2326                        
   2327                        
   2328                        
   2329                        
   2330                        
   2331                        
   2332                        
   2333                        
   2334                        
   2335                        
   2336                        
   2337                        
   2338                        
   2339                        
   2340                        
   2341                        
   2342                        
   2343                        
   2344                        
   2345                        
   2346                        
   2347                        
   2348                        
   2349                        
   2350                        
   2351                        
   2352                        
   2353                        
   2354                        
   2355                        
   2356                        
   2357                        
   2358                        
   2359                        
   2360                        
   2361                        
   2362                        
   2363                        
   2364                        
   2365                        
   2366                        
   2367                        
   2368                        
   2369                        
   2370                        
   2371                        
   2372                        
   2373                        
   2374                        
   2375                        
   2376                        
   2377                        
   2378                        
   2379                        
   2380                        
   2381                        
   2382                        
   2383                        
   2384                        
   2385                        
   2386                        
   2387                        
   2388                        
   2389                        
   2390                        
   2391                        
   2392                        
   2393                        
   2394                        
   2395                        
   2396                        
   2397                        
   2398                        
   2399                        
   2400                        
   2401                        
   2402                        
   2403                        
   2404                        
   2405                        
   2406                        
   2407                        
   2408                        
   2409                        
   2410                        
   2411                        
   2412                        
   2413                        
   2414                        
   2415                        
   2416                        
   2417                        
   2418                        
   2419                        
   2420                        
   2421                        
   2422                        
   2423                        
   2424                        
   2425                        
   2426                        
   2427                        
   2428                        
   2429                        
   2430                        
   2431                        
   2432                        
   2433                        
   2434                        
   2435                        
   2436                        
   2437                        
   2438                        
   2439                        
   2440                        
   2441                        
   2442                        
   2443                        
   2444                        
   2445                        
   2446                        
   2447                        
   2448                        
   2449                        
   2450                        
   2451                        
   2452                        
   2453                        
   2454                        
   2455                        
   2456                        
   2457                        
   2458                        
   2459                        
   2460                        
   2461                        
   2462                        
   2463                        
   2464                        
   2465                        
   2466                        
   2467                        
   2468                        
   2469                        
   2470                        
   2471                        
   2472                        
   2473                        
   2474                        
   2475                        
   2476                        
   2477                        
   2478                        
   2479                        
   2480                        
   2481                        
   2482                        
   2483                        
   2484                        
   2485                        
   2486                        
   2487                        
   2488                        
   2489                        
   2490                        
   2491                        
   2492                        
   2493                        
   2494                        
   2495                        
   2496                        
   2497                        
   2498                        
   2499                        
   2500                        
   2501                        
   2502                        
   2503                        
   2504                        
   2505                        
   2506                        
   2507                        
   2508                        
   2509                        
   2510                        
   2511                        
   2512                        
   2513                        
   2514                        
   2515                        
   2516                        
   2517                        
   2518                        
   2519                        
   2520                        
   2521                        
   2522                        
   2523                        
   2524                        
   2525                        
   2526                        
   2527                        
   2528                        
   2529                        
   2530                        
   2531                        
   2532                        
   2533                        
   2534                        
   2535                        
   2536                        
   2537                        
   2538                        
   2539                        
   2540                        
   2541                        
     11     231                
   2311                        
   2312                        
   2313                        
   2314                        
   2315                        
   2316                        
   2317                        
   2318                        
   2319                        
   2320                        
   2321                        
   2322                        
   2323                        
   2324                        
   2325                        
   2326                        
   2327                        
   2328                        
   2329                        
   2330                        
   2331                        
   2332                        
   2333                        
   2334                        
   2335                        
   2336                        
   2337                        
   2338                        
   2339                        
   2340                        
   2341                        
   2342                        
   2343                        
   2344                        
   2345                        
   2346                        
   2347                        
   2348                        
   2349                        
   2350                        
   2351                        
   2352                        
   2353                        
   2354                        
   2355                        
   2356                        
   2357                        
   2358                        
   2359                        
   2360                        
   2361                        
   2362                        
   2363                        
   2364                        
   2365                        
   2366                        
   2367                        
   2368                        
   2369                        
   2370                        
   2371                        
   2372                        
   2373                        
   2374                        
   2375                        
   2376                        
   2377                        
   2378                        
   2379                        
   2380                        
   2381                        
   2382                        
   2383                        
   2384                        
   2385                        
   2386                        
   2387                        
   2388                        
   2389                        
   2390                        
   2391                        
   2392                        
   2393                        
   2394                        
   2395                        
   2396                        
   2397                        
   2398                        
   2399                        
   2400                        
   2401                        
   2402                        
   2403                        
   2404                        
   2405                        
   2406                        
   2407                        
   2408                        
   2409                        
   2410                        
   2411                        
   2412                        
   2413                        
   2414                        
   2415                        
   2416                        
   2417                        
   2418                        
   2419                        
   2420                        
   2421                        
   2422                        
   2423                        
   2424                        
   2425                        
   2426                        
   2427                        
   2428                        
   2429                        
   2430                        
   2431                        
   2432                        
   2433                        
   2434                        
   2435                        
   2436                        
   2437                        
   2438                        
   2439                        
   2440                        
   2441                        
   2442                        
   2443                        
   2444                        
   2445                        
   2446                        
   2447                        
   2448                        
   2449                        
   2450                        
   2451                        
   2452                        
   2453                        
   2454                        
   2455                        
   2456                        
   2457                        
   2458                        
   2459                        
   2460                        
   2461                        
   2462                        
   2463                        
   2464                        
   2465                        
   2466                        
   2467                        
   2468                        
   2469                        
   2470                        
   2471                        
   2472                        
   2473                        
   2474                        
   2475                        
   2476                        
   2477                        
   2478                        
   2479                        
   2480                        
   2481                        
   2482                        
   2483                        
   2484                        
   2485                        
   2486                        
   2487                        
   2488                        
   2489                        
   2490                        
   2491                        
   2492                        
   2493                        
   2494                        
   2495                        
   2496                        
   2497                        
   2498                        
   2499                        
   2500                        
   2501                        
   2502                        
   2503                        
   2504                        
   2505                        
   2506                        
   2507                        
   2508                        
   2509                        
   2510                        
   2511                        
   2512                        
   2513                        
   2514                        
   2515                        
   2516                        
   2517                        
   2518                        
   2519                        
   2520                        
   2521                        
   2522                        
   2523                        
   2524                        
   2525                        
   2526                        
   2527                        
   2528                        
   2529                        
   2530                        
   2531                        
   2532                        
   2533                        
   2534                        
   2535                        
   2536                        
   2537                        
   2538                        
   2539                        
   2540                        
   2541                        
     12     231                
   2311                        
   2312                        
   2313                        
   2314                        
   2315                        
   2316                        
   2317                        
   2318                        
   2319                        
   2320                        
   2321                        
   2322                        
   2323                        
   2324                        
   2325                        
   2326                        
   2327                        
   2328                        
   2329                        
   2330                        
   2331                        
   2332                        
   2333                        
   2334                        
   2335                        
   2336                        
   2337                        
   2338                        
   2339                        
   2340                        
   2341                        
   2342                        
   2343                        
   2344                        
   2345                        
   2346                        
   2347                        
   2348                        
   2349                        
   2350                        
   2351                        
   2352                        
   2353                        
   2354                        
   2355                        
   2356                        
   2357                        
   2358                        
   2359                        
   2360                        
   2361                        
   2362                        
   2363                        
   2364                        
   2365                        
   2366                        
   2367                        
   2368                        
   2369                        
   2370                        
   2371                        
   2372                        
   2373                        
   2374                        
   2375                        
   2376                        
   2377                        
   2378                        
   2379                        
   2380                        
   2381                        
   2382                        
   2383                        
   2384                        
   2385                        
   2386                        
   2387                        
   2388                        
   2389                        
   2390                        
   2391                        
   2392                        
   2393                        
   2394                        
   2395                        
   2396                        
   2397                        
   2398                        
   2399                        
   2400                        
   2401                        
   2402                        
   2403                        
   2404                        
   2405                        
   2406                        
   2407                        
   2408                        
   2409                        
   2410                        
   2411                        
   2412                        
   2413                        
   2414                        
   2415                        
   2416                        
   2417                        
   2418                        
   2419                        
   2420                        
   2421                        
   2422                        
   2423                        
   2424                        
   2425                        
   2426                        
   2427                        
   2428                        
   2429                        
   2430                        
   2431                        
   2432                        
   2433                        
   2434                        
   2435                        
   2436                        
   2437                        
   2438                        
   2439                        
   2440                        
   2441                        
   2442                        
   2443                        
   2444                        
   2445                        
   2446                        
   2447                        
   2448                        
   2449                        
   2450                        
   2451                        
   2452                        
   2453                        
   2454                        
   2455                        
   2456                        
   2457                        
   2458                        
   2459                        
   2460                        
   2461                        
   2462                        
   2463                        
   2464                        
   2465                        
   2466                        
   2467                        
   2468                        
   2469                        
   2470                        
   2471                        
   2472                        
   2473                        
   2474                        
   2475                        
   2476                        
   2477                        
   2478                        
   2479                        
   2480                        
   2481                        
   2482                        
   2483                        
   2484                        
   2485                        
   2486                        
   2487                        
   2488                        
   2489                        
   2490                        
   2491                        
   2492                        
   2493                        
   2494                        
   2495                        
   2496                        
   2497                        
   2498                        
   2499                        
   2500                        
   2501                        
   2502                        
   2503                        
   2504                        
   2505                        
   2506                        
   2507                        
   2508                        
   2509                        
   2510                        
   2511                        
   2512                        
   2513                        
   2514                        
   2515                        
   2516                        
   2517                        
   2518                        
   2519                        
   2520                        
   2521                        
   2522                        
   2523                        
   2524                        
   2525                        
   2526                        
   2527                        
   2528                        
   2529                        
   2530                        
   2531                        
   2532                        
   2533                        
   2534                        
   2535                        
   2536                        
   2537                        
   2538                        
   2539                        
   2540                        
   2541                        
      4                        
      1     121                
      1                        
      2                        
      3                        
      4                        
      5                        
      6                        
      7                        
      8                        
      9                        
     10                        
     11                        
     12                        
     13                        
     14                        
     15                        
     16                        
     17                        
     18                        
     19                        
     20                        
     21                        
     22                        
     23                        
     24                        
     25                        
     26                        
     27                        
     28                        
     29                        
     30                        
     31                        
     32                        
     33                        
     34                        
     35                        
     36                        
     37                        
     38                        
     39                        
     40                        
     41                        
     42                        
     43                        
     44                        
     45                        
     46                        
     47                        
     48                        
     49                        
     50                        
     51                        
     52                        
     53                        
     54                        
     55                        
     56                        
     57                        
     58                        
     59                        
     60                        
     61                        
     62                        
     63                        
     64                        
     65                        
     66                        
     67                        
     68                        
     69                        
     70                        
     71                        
     72                        
     73                        
     74                        
     75                        
     76                        
     77                        
     78                        
     79                        
     80                        
     81                        
     82                        
     83                        
     84                        
     85                        
     86                        
     87                        
     88                        
     89                        
     90                        
     91                        
     92                        
     93                        
     94                        
     95                        
     96                        
     97                        
     98                        
     99                        
    100                        
    101                        
    102                        
    103                        
    104                        
    105                        
    106                        
    107                        
    108                        
    109                        
    110                        
    111                        
    112                        
    113                        
    114                        
    115                        
    116                        
    117                        
    118                        
    119                        
    120                        
    121                        
      2     231                
      1                        
      2                        
      3                        
      4                        
      5                        
      6                        
      7                        
      8                        
      9                        
     10                        
     11                        
     12                        
     13                        
     14                        
     15                        
     16                        
     17                        
     18                        
     19                        
     20                        
     21                        
     22                        
     23                        
     24                        
     25                        
     26                        
     27                        
     28                        
     29                        
     30                        
     31                        
     32                        
     33                        
     34                        
     35                        
     36                        
     37                        
     38                        
     39                        
     40                        
     41                        
     42                        
     43                        
     44                        
     45                        
     46                        
     47                        
     48                        
     49                        
     50                        
     51                        
     52                        
     53                        
     54                        
     55                        
     56                        
     57                        
     58                        
     59                        
     60                        
     61                        
     62                        
     63                        
     64                        
     65                        
     66                        
     67                        
     68                        
     69                        
     70                        
     71                        
     72                        
     73                        
     74                        
     75                        
     76                        
     77                        
     78                        
     79                        
     80                        
     81                        
     82                        
     83                        
     84                        
     85                        
     86                        
     87                        
     88                        
     89                        
     90                        
     91                        
     92                        
     93                        
     94                        
     95                        
     96                        
     97                        
     98                        
     99                        
    100                        
    101                        
    102                        
    103                        
    104                        
    105                        
    106                        
    107                        
    108                        
    109                        
    110                        
    111                        
    112                        
    113                        
    114                        
    115                        
    116                        
    117                        
    118                        
    119                        
    120                        
    121                        
    122                        
    123                        
    124                        
    125                        
    126                        
    127                        
    128                        
    129                        
    130                        
    131                        
    132                        
    133                        
    134                        
    135                        
    136                        
    137                        
    138                        
    139                        
    140                        
    141                        
    142                        
    143                        
    144                        
    145                        
    146                        
    147                        
    148                        
    149                        
    150                        
    151                        
    152                        
    153                        
    154                        
    155                        
    156                        
    157                        
    158                        
    159                        
    160                        
    161                        
    162                        
    163                        
    164                        
    165                        
    166                        
    167                        
    168                        
    169                        
    170                        
    171                        
    172                        
    173                        
    174                        
    175                        
    176                        
    177                        
    178                        
    179                        
    180                        
    181                        
    182                        
    183                        
    184                        
    185                        
    186                        
    187                        
    188                        
    189                        
    190                        
    191                        
    192                        
    193                        
    194                        
    195                        
    196                        
    197                        
    198                        
    199                        
    200                        
    201                        
    202                        
    203                        
    204                        
    205                        
    206                        
    207                        
    208                        
    209                        
    210                        
    211                        
    212                        
    213                        
    214                        
    215                        
    216                        
    217                        
    218                        
    219                        
    220                        
    221                        
    222                        
    223                        
    224                        
    225                        
    226                        
    227                        
    228                        
    229                        
    230                        
    231                        
      3     231                
      1                        
      2                        
      3                        
      4                        
      5                        
      6                        
      7                        
      8                        
      9                        
     10                        
     11                        
     12                        
     13                        
     14                        
     15                        
     16                        
     17                        
     18                        
     19                        
     20                        
     21                        
     22                        
     23                        
     24                        
     25                        
     26                        
     27                        
     28                        
     29                        
     30                        
     31                        
     32                        
     33                        
     34                        
     35                        
     36                        
     37                        
     38                        
     39                        
     40                        
     41                        
     42                        
     43                        
     44                        
     45                        
     46                        
     47                        
     48                        
     49                        
     50                        
     51                        
     52                        
     53                        
     54                        
     55                        
     56                        
     57                        
     58                        
     59                        
     60                        
     61                        
     62                        
     63                        
     64                        
     65                        
     66                        
     67                        
     68                        
     69                        
     70                        
     71                        
     72                        
     73                        
     74                        
     75                        
     76                        
     77                        
     78                        
     79                        
     80                        
     81                        
     82                        
     83                        
     84                        
     85                        
     86                        
     87                        
     88                        
     89                        
     90                        
     91                        
     92                        
     93                        
     94                        
     95                        
     96                        
     97                        
     98                        
     99                        
    100                        
    101                        
    102                        
    103                        
    104                        
    105                        
    106                        
    107                        
    108                        
    109                        
    110                        
    111                        
    112                        
    113                        
    114                        
    115                        
    116                        
    117                        
    118                        
    119                        
    120                        
    121                        
    122                        
    123                        
    124                        
    125                        
    126                        
    127                        
    128                        
    129                        
    130                        
    131                        
    132                        
    133                        
    134                        
    135                        
    136                        
    137                        
    138                        
    139                        
    140                        
    141                        
    142                        
    143                        
    144                        
    145                        
    146                        
    147                        
    148                        
    149                        
    150                        
    151                        
    152                        
    153                        
    154                        
    155                        
    156                        
    157                        
    158                        
    159                        
    160                        
    161                        
    162                        
    163                        
    164                        
    165                        
    166                        
    167                        
    168                        
    169                        
    170                        
    171                        
    172                        
    173                        
    174                        
    175                        
    176                        
    177                        
    178                        
    179                        
    180                        
    181                        
    182                        
    183                        
    184                        
    185                        
    186                        
    187                        
    188                        
    189                        
    190                        
    191                        
    192                        
    193                        
    194                        
    195                        
    196                        
    197                        
    198                        
    199                        
    200                        
    201                        
    202                        
    203                        
    204                        
    205                        
    206                        
    207                        
    208                        
    209                        
    210                        
    211                        
    212                        
    213                        
    214                        
    215                        
    216                        
    217                        
    218                        
    219                        
    220                        
    221                        
    222                        
    223                        
    224                        
    225                        
    226                        
    227                        
    228                        
    229                        
    230                        
    231                        
      4     231                
      1                        
      2                        
      3                        
      4                        
      5                        
      6                        
      7                        
      8                        
      9                        
     10                        
     11                        
     12                        
     13                        
     14                        
     15                        
     16                        
     17                        
     18                        
     19                        
     20                        
     21                        
     22                        
     23                        
     24                        
     25                        
     26                        
     27                        
     28                        
     29                        
     30                        
     31                        
     32                        
     33                        
     34                        
     35                        
     36                        
     37                        
     38                        
     39                        
     40                        
     41                        
     42                        
     43                        
     44                        
     45                        
     46                        
     47                        
     48                        
     49                        
     50                        
     51                        
     52                        
     53                        
     54                        
     55                        
     56                        
     57                        
     58                        
     59                        
     60                        
     61                        
     62                        
     63                        
     64                        
     65                        
     66                        
     67                        
     68                        
     69                        
     70                        
     71                        
     72                        
     73                        
     74                        
     75                        
     76                        
     77                        
     78                        
     79                        
     80                        
     81                        
     82                        
     83                        
     84                        
     85                        
     86                        
     87                        
     88                        
     89                        
     90                        
     91                        
     92                        
     93                        
     94                        
     95                        
     96                        
     97                        
     98                        
     99                        
    100                        
    101                        
    102                        
    103                        
    104                        
    105                        
    106                        
    107                        
    108                        
    109                        
    110                        
    111                        
    112                        
    113                        
    114                        
    115                        
    116                        
    117                        
    118                        
    119                        
    120                        
    121                        
    122                        
    123                        
    124                        
    125                        
    126                        
    127                        
    128                        
    129                        
    130                        
    131                        
    132                        
    133                        
    134                        
    135                        
    136                        
    137                        
    138                        
    139                        
    140                        
    141                        
    142                        
    143                        
    144                        
    145                        
    146                        
    147                        
    148                        
    149                        
    150                        
    151                        
    152                        
    153                        
    154                        
    155                        
    156                        
    157                        
    158                        
    159                        
    160                        
    161                        
    162                        
    163                        
    164                        
    165                        
    166                        
    167                        
    168                        
    169                        
    170                        
    171                        
    172                        
    173                        
    174                        
    175                        
    176                        
    177                        
    178                        
    179                        
    180                        
    181                        
    182                        
    183                        
    184                        
    185                        
    186                        
    187                        
    188                        
    189                        
    190                        
    191                        
    192                        
    193                        
    194                        
    195                        
    196                        
    197                        
    198                        
    199                        
    200                        
    201                        
    202                        
    203                        
    204                        
    205                        
    206                        
    207                        
    208                        
    209                        
    210                        
    211                        
    212                        
    213                        
    214                        
    215                        
    216                        
    217                        
    218                        
    219                        
    220                        
    221                        
    222                        
    223                        
    224                        
    225                        
    226                        
    227                        
    228                        
    229                        
    230                        
    231                        
Dep EVOLUTION                 
STEP 1                        
Fint EVOLUTION                
STEP 1                        
BODY TRACKING                 
STEP 1                        
      2                        
      1                        
      2                        
TORQUE EVOLUTION              
STEP 1                        
      2                        
      1                        
      2                        
SOLVER INFORMATIONS           
STEP 1                        
END                           
