 0.0000000E+00  0.0000000E+00
 1.0010010E-03  0.0000000E+00
 2.0020020E-03  0.0000000E+00
 3.0030030E-03  0.0000000E+00
 4.0040040E-03  0.0000000E+00
 5.0050050E-03  0.0000000E+00
 6.0060060E-03  0.0000000E+00
 7.0070070E-03  0.0000000E+00
 8.0080080E-03  0.0000000E+00
 9.0090090E-03  0.0000000E+00
 1.0010010E-02  0.0000000E+00
 1.1011011E-02  0.0000000E+00
 1.2012012E-02  0.0000000E+00
 1.3013013E-02  0.0000000E+00
 1.4014014E-02  0.0000000E+00
 1.5015015E-02  0.0000000E+00
 1.6016016E-02  0.0000000E+00
 1.7017017E-02  0.0000000E+00
 1.8018018E-02  0.0000000E+00
 1.9019019E-02  0.0000000E+00
 2.0020020E-02  0.0000000E+00
 2.1021021E-02 -1.1063695E-06
 2.2022022E-02 -5.3790633E-05
 2.3023023E-02 -1.0647490E-04
 2.4024024E-02 -1.5915916E-04
 2.5025025E-02 -2.1184342E-04
 2.6026026E-02 -2.6452769E-04
 2.7027027E-02 -3.1721195E-04
 2.8028028E-02 -3.6989621E-04
 2.9029029E-02 -4.2258048E-04
 3.0030030E-02 -4.7526474E-04
 3.1031031E-02 -5.2794900E-04
 3.2032032E-02 -5.8063326E-04
 3.3033033E-02 -6.3331753E-04
 3.4034034E-02 -6.8600179E-04
 3.5035035E-02 -7.3868605E-04
 3.6036036E-02 -7.9137032E-04
 3.7037037E-02 -8.4405458E-04
 3.8038038E-02 -8.9673884E-04
 3.9039039E-02 -9.4942311E-04
 4.0040040E-02 -1.0000000E-03
 4.1041041E-02 -1.0000000E-03
 4.2042042E-02 -1.0000000E-03
 4.3043043E-02 -1.0000000E-03
 4.4044044E-02 -1.0000000E-03
 4.5045045E-02 -1.0000000E-03
 4.6046046E-02 -1.0000000E-03
 4.7047047E-02 -1.0000000E-03
 4.8048048E-02 -1.0000000E-03
 4.9049049E-02 -1.0000000E-03
 5.0050050E-02 -1.0000000E-03
 5.1051051E-02 -1.0000000E-03
 5.2052052E-02 -1.0000000E-03
 5.3053053E-02 -1.0000000E-03
 5.4054054E-02 -1.0000000E-03
 5.5055055E-02 -1.0000000E-03
 5.6056056E-02 -1.0000000E-03
 5.7057057E-02 -1.0000000E-03
 5.8058058E-02 -1.0000000E-03
 5.9059059E-02 -1.0000000E-03
 6.0060060E-02 -1.0000000E-03
 6.1061061E-02 -1.0000000E-03
 6.2062062E-02 -1.0000000E-03
 6.3063063E-02 -1.0000000E-03
 6.4064064E-02 -1.0000000E-03
 6.5065065E-02 -1.0000000E-03
 6.6066066E-02 -1.0000000E-03
 6.7067067E-02 -1.0000000E-03
 6.8068068E-02 -1.0000000E-03
 6.9069069E-02 -1.0000000E-03
 7.0070070E-02 -1.0000000E-03
 7.1071071E-02 -1.0000000E-03
 7.2072072E-02 -1.0000000E-03
 7.3073073E-02 -1.0000000E-03
 7.4074074E-02 -1.0000000E-03
 7.5075075E-02 -1.0000000E-03
 7.6076076E-02 -1.0000000E-03
 7.7077077E-02 -1.0000000E-03
 7.8078078E-02 -1.0000000E-03
 7.9079079E-02 -1.0000000E-03
 8.0080080E-02 -1.0000000E-03
 8.1081081E-02 -1.0000000E-03
 8.2082082E-02 -1.0000000E-03
 8.3083083E-02 -1.0000000E-03
 8.4084084E-02 -1.0000000E-03
 8.5085085E-02 -1.0000000E-03
 8.6086086E-02 -1.0000000E-03
 8.7087087E-02 -1.0000000E-03
 8.8088088E-02 -1.0000000E-03
 8.9089089E-02 -1.0000000E-03
 9.0090090E-02 -1.0000000E-03
 9.1091091E-02 -1.0000000E-03
 9.2092092E-02 -1.0000000E-03
 9.3093093E-02 -1.0000000E-03
 9.4094094E-02 -1.0000000E-03
 9.5095095E-02 -1.0000000E-03
 9.6096096E-02 -1.0000000E-03
 9.7097097E-02 -1.0000000E-03
 9.8098098E-02 -1.0000000E-03
 9.9099099E-02 -1.0000000E-03
 1.0010010E-01 -1.0000000E-03
 1.0110110E-01 -1.0000000E-03
 1.0210210E-01 -1.0000000E-03
 1.0310310E-01 -1.0000000E-03
 1.0410410E-01 -1.0000000E-03
 1.0510511E-01 -1.0000000E-03
 1.0610611E-01 -1.0000000E-03
 1.0710711E-01 -1.0000000E-03
 1.0810811E-01 -1.0000000E-03
 1.0910911E-01 -1.0000000E-03
 1.1011011E-01 -1.0000000E-03
 1.1111111E-01 -1.0000000E-03
 1.1211211E-01 -1.0000000E-03
 1.1311311E-01 -1.0000000E-03
 1.1411411E-01 -1.0000000E-03
 1.1511512E-01 -1.0000000E-03
 1.1611612E-01 -1.0000000E-03
 1.1711712E-01 -1.0000000E-03
 1.1811812E-01 -1.0000000E-03
 1.1911912E-01 -1.0000000E-03
 1.2012012E-01 -1.0000000E-03
 1.2112112E-01 -1.0000000E-03
 1.2212212E-01 -1.0000000E-03
 1.2312312E-01 -1.0000000E-03
 1.2412412E-01 -1.0000000E-03
 1.2512513E-01 -1.0000000E-03
 1.2612613E-01 -1.0000000E-03
 1.2712713E-01 -1.0000000E-03
 1.2812813E-01 -1.0000000E-03
 1.2912913E-01 -1.0000000E-03
 1.3013013E-01 -1.0000000E-03
 1.3113113E-01 -1.0000000E-03
 1.3213213E-01 -1.0000000E-03
 1.3313313E-01 -1.0000000E-03
 1.3413413E-01 -1.0000000E-03
 1.3513514E-01 -1.0000000E-03
 1.3613614E-01 -1.0000000E-03
 1.3713714E-01 -1.0000000E-03
 1.3813814E-01 -1.0000000E-03
 1.3913914E-01 -1.0000000E-03
 1.4014014E-01 -1.0000000E-03
 1.4114114E-01 -1.0000000E-03
 1.4214214E-01 -1.0000000E-03
 1.4314314E-01 -1.0000000E-03
 1.4414414E-01 -1.0000000E-03
 1.4514515E-01 -1.0000000E-03
 1.4614615E-01 -1.0000000E-03
 1.4714715E-01 -1.0000000E-03
 1.4814815E-01 -1.0000000E-03
 1.4914915E-01 -1.0000000E-03
 1.5015015E-01 -1.0000000E-03
 1.5115115E-01 -1.0000000E-03
 1.5215215E-01 -1.0000000E-03
 1.5315315E-01 -1.0000000E-03
 1.5415415E-01 -1.0000000E-03
 1.5515516E-01 -1.0000000E-03
 1.5615616E-01 -1.0000000E-03
 1.5715716E-01 -1.0000000E-03
 1.5815816E-01 -1.0000000E-03
 1.5915916E-01 -1.0000000E-03
 1.6016016E-01 -1.0000000E-03
 1.6116116E-01 -1.0000000E-03
 1.6216216E-01 -1.0000000E-03
 1.6316316E-01 -1.0000000E-03
 1.6416416E-01 -1.0000000E-03
 1.6516517E-01 -1.0000000E-03
 1.6616617E-01 -1.0000000E-03
 1.6716717E-01 -1.0000000E-03
 1.6816817E-01 -1.0000000E-03
 1.6916917E-01 -1.0000000E-03
 1.7017017E-01 -1.0000000E-03
 1.7117117E-01 -1.0000000E-03
 1.7217217E-01 -1.0000000E-03
 1.7317317E-01 -1.0000000E-03
 1.7417417E-01 -1.0000000E-03
 1.7517518E-01 -1.0000000E-03
 1.7617618E-01 -1.0000000E-03
 1.7717718E-01 -1.0000000E-03
 1.7817818E-01 -1.0000000E-03
 1.7917918E-01 -1.0000000E-03
 1.8018018E-01 -1.0000000E-03
 1.8118118E-01 -1.0000000E-03
 1.8218218E-01 -1.0000000E-03
 1.8318318E-01 -1.0000000E-03
 1.8418418E-01 -1.0000000E-03
 1.8518519E-01 -1.0000000E-03
 1.8618619E-01 -1.0000000E-03
 1.8718719E-01 -1.0000000E-03
 1.8818819E-01 -1.0000000E-03
 1.8918919E-01 -1.0000000E-03
 1.9019019E-01 -1.0000000E-03
 1.9119119E-01 -1.0000000E-03
 1.9219219E-01 -1.0000000E-03
 1.9319319E-01 -1.0000000E-03
 1.9419419E-01 -1.0000000E-03
 1.9519520E-01 -1.0000000E-03
 1.9619620E-01 -1.0000000E-03
 1.9719720E-01 -1.0000000E-03
 1.9819820E-01 -1.0000000E-03
 1.9919920E-01 -1.0000000E-03
 2.0020020E-01 -1.0000000E-03
 2.0120120E-01 -1.0000000E-03
 2.0220220E-01 -1.0000000E-03
 2.0320320E-01 -1.0000000E-03
 2.0420420E-01 -1.0000000E-03
 2.0520521E-01 -1.0000000E-03
 2.0620621E-01 -1.0000000E-03
 2.0720721E-01 -1.0000000E-03
 2.0820821E-01 -1.0000000E-03
 2.0920921E-01 -1.0000000E-03
 2.1021021E-01 -1.0000000E-03
 2.1121121E-01 -1.0000000E-03
 2.1221221E-01 -1.0000000E-03
 2.1321321E-01 -1.0000000E-03
 2.1421421E-01 -1.0000000E-03
 2.1521522E-01 -1.0000000E-03
 2.1621622E-01 -1.0000000E-03
 2.1721722E-01 -1.0000000E-03
 2.1821822E-01 -1.0000000E-03
 2.1921922E-01 -1.0000000E-03
 2.2022022E-01 -1.0000000E-03
 2.2122122E-01 -1.0000000E-03
 2.2222222E-01 -1.0000000E-03
 2.2322322E-01 -1.0000000E-03
 2.2422422E-01 -1.0000000E-03
 2.2522523E-01 -1.0000000E-03
 2.2622623E-01 -1.0000000E-03
 2.2722723E-01 -1.0000000E-03
 2.2822823E-01 -1.0000000E-03
 2.2922923E-01 -1.0000000E-03
 2.3023023E-01 -1.0000000E-03
 2.3123123E-01 -1.0000000E-03
 2.3223223E-01 -1.0000000E-03
 2.3323323E-01 -1.0000000E-03
 2.3423423E-01 -1.0000000E-03
 2.3523524E-01 -1.0000000E-03
 2.3623624E-01 -1.0000000E-03
 2.3723724E-01 -1.0000000E-03
 2.3823824E-01 -1.0000000E-03
 2.3923924E-01 -1.0000000E-03
 2.4024024E-01 -1.0000000E-03
 2.4124124E-01 -1.0000000E-03
 2.4224224E-01 -1.0000000E-03
 2.4324324E-01 -1.0000000E-03
 2.4424424E-01 -1.0000000E-03
 2.4524525E-01 -1.0000000E-03
 2.4624625E-01 -1.0000000E-03
 2.4724725E-01 -1.0000000E-03
 2.4824825E-01 -1.0000000E-03
 2.4924925E-01 -1.0000000E-03
 2.5025025E-01 -1.0000000E-03
 2.5125125E-01 -1.0000000E-03
 2.5225225E-01 -1.0000000E-03
 2.5325325E-01 -1.0000000E-03
 2.5425425E-01 -1.0000000E-03
 2.5525526E-01 -1.0000000E-03
 2.5625626E-01 -1.0000000E-03
 2.5725726E-01 -1.0000000E-03
 2.5825826E-01 -1.0000000E-03
 2.5925926E-01 -1.0000000E-03
 2.6026026E-01 -1.0000000E-03
 2.6126126E-01 -1.0000000E-03
 2.6226226E-01 -1.0000000E-03
 2.6326326E-01 -1.0000000E-03
 2.6426426E-01 -1.0000000E-03
 2.6526527E-01 -1.0000000E-03
 2.6626627E-01 -1.0000000E-03
 2.6726727E-01 -1.0000000E-03
 2.6826827E-01 -1.0000000E-03
 2.6926927E-01 -1.0000000E-03
 2.7027027E-01 -1.0000000E-03
 2.7127127E-01 -1.0000000E-03
 2.7227227E-01 -1.0000000E-03
 2.7327327E-01 -1.0000000E-03
 2.7427427E-01 -1.0000000E-03
 2.7527528E-01 -1.0000000E-03
 2.7627628E-01 -1.0000000E-03
 2.7727728E-01 -1.0000000E-03
 2.7827828E-01 -1.0000000E-03
 2.7927928E-01 -1.0000000E-03
 2.8028028E-01 -1.0000000E-03
 2.8128128E-01 -1.0000000E-03
 2.8228228E-01 -1.0000000E-03
 2.8328328E-01 -1.0000000E-03
 2.8428428E-01 -1.0000000E-03
 2.8528529E-01 -1.0000000E-03
 2.8628629E-01 -1.0000000E-03
 2.8728729E-01 -1.0000000E-03
 2.8828829E-01 -1.0000000E-03
 2.8928929E-01 -1.0000000E-03
 2.9029029E-01 -1.0000000E-03
 2.9129129E-01 -1.0000000E-03
 2.9229229E-01 -1.0000000E-03
 2.9329329E-01 -1.0000000E-03
 2.9429429E-01 -1.0000000E-03
 2.9529530E-01 -1.0000000E-03
 2.9629630E-01 -1.0000000E-03
 2.9729730E-01 -1.0000000E-03
 2.9829830E-01 -1.0000000E-03
 2.9929930E-01 -1.0000000E-03
 3.0030030E-01 -1.0000000E-03
 3.0130130E-01 -1.0000000E-03
 3.0230230E-01 -1.0000000E-03
 3.0330330E-01 -1.0000000E-03
 3.0430430E-01 -1.0000000E-03
 3.0530531E-01 -1.0000000E-03
 3.0630631E-01 -1.0000000E-03
 3.0730731E-01 -1.0000000E-03
 3.0830831E-01 -1.0000000E-03
 3.0930931E-01 -1.0000000E-03
 3.1031031E-01 -1.0000000E-03
 3.1131131E-01 -1.0000000E-03
 3.1231231E-01 -1.0000000E-03
 3.1331331E-01 -1.0000000E-03
 3.1431431E-01 -1.0000000E-03
 3.1531532E-01 -1.0000000E-03
 3.1631632E-01 -1.0000000E-03
 3.1731732E-01 -1.0000000E-03
 3.1831832E-01 -1.0000000E-03
 3.1931932E-01 -1.0000000E-03
 3.2032032E-01 -1.0000000E-03
 3.2132132E-01 -1.0000000E-03
 3.2232232E-01 -1.0000000E-03
 3.2332332E-01 -1.0000000E-03
 3.2432432E-01 -1.0000000E-03
 3.2532533E-01 -1.0000000E-03
 3.2632633E-01 -1.0000000E-03
 3.2732733E-01 -1.0000000E-03
 3.2832833E-01 -1.0000000E-03
 3.2932933E-01 -1.0000000E-03
 3.3033033E-01 -1.0000000E-03
 3.3133133E-01 -1.0000000E-03
 3.3233233E-01 -1.0000000E-03
 3.3333333E-01 -1.0000000E-03
 3.3433433E-01 -1.0000000E-03
 3.3533534E-01 -1.0000000E-03
 3.3633634E-01 -1.0000000E-03
 3.3733734E-01 -1.0000000E-03
 3.3833834E-01 -1.0000000E-03
 3.3933934E-01 -1.0000000E-03
 3.4034034E-01 -1.0000000E-03
 3.4134134E-01 -1.0000000E-03
 3.4234234E-01 -1.0000000E-03
 3.4334334E-01 -1.0000000E-03
 3.4434434E-01 -1.0000000E-03
 3.4534535E-01 -1.0000000E-03
 3.4634635E-01 -1.0000000E-03
 3.4734735E-01 -1.0000000E-03
 3.4834835E-01 -1.0000000E-03
 3.4934935E-01 -1.0000000E-03
 3.5035035E-01 -1.0000000E-03
 3.5135135E-01 -1.0000000E-03
 3.5235235E-01 -1.0000000E-03
 3.5335335E-01 -1.0000000E-03
 3.5435435E-01 -1.0000000E-03
 3.5535536E-01 -1.0000000E-03
 3.5635636E-01 -1.0000000E-03
 3.5735736E-01 -1.0000000E-03
 3.5835836E-01 -1.0000000E-03
 3.5935936E-01 -1.0000000E-03
 3.6036036E-01 -1.0000000E-03
 3.6136136E-01 -1.0000000E-03
 3.6236236E-01 -1.0000000E-03
 3.6336336E-01 -1.0000000E-03
 3.6436436E-01 -1.0000000E-03
 3.6536537E-01 -1.0000000E-03
 3.6636637E-01 -1.0000000E-03
 3.6736737E-01 -1.0000000E-03
 3.6836837E-01 -1.0000000E-03
 3.6936937E-01 -1.0000000E-03
 3.7037037E-01 -1.0000000E-03
 3.7137137E-01 -1.0000000E-03
 3.7237237E-01 -1.0000000E-03
 3.7337337E-01 -1.0000000E-03
 3.7437437E-01 -1.0000000E-03
 3.7537538E-01 -1.0000000E-03
 3.7637638E-01 -1.0000000E-03
 3.7737738E-01 -1.0000000E-03
 3.7837838E-01 -1.0000000E-03
 3.7937938E-01 -1.0000000E-03
 3.8038038E-01 -1.0000000E-03
 3.8138138E-01 -1.0000000E-03
 3.8238238E-01 -1.0000000E-03
 3.8338338E-01 -1.0000000E-03
 3.8438438E-01 -1.0000000E-03
 3.8538539E-01 -1.0000000E-03
 3.8638639E-01 -1.0000000E-03
 3.8738739E-01 -1.0000000E-03
 3.8838839E-01 -1.0000000E-03
 3.8938939E-01 -1.0000000E-03
 3.9039039E-01 -1.0000000E-03
 3.9139139E-01 -1.0000000E-03
 3.9239239E-01 -1.0000000E-03
 3.9339339E-01 -1.0000000E-03
 3.9439439E-01 -1.0000000E-03
 3.9539540E-01 -1.0000000E-03
 3.9639640E-01 -1.0000000E-03
 3.9739740E-01 -1.0000000E-03
 3.9839840E-01 -1.0000000E-03
 3.9939940E-01 -1.0000000E-03
 4.0040040E-01 -1.0000000E-03
 4.0140140E-01 -1.0000000E-03
 4.0240240E-01 -1.0000000E-03
 4.0340340E-01 -1.0000000E-03
 4.0440440E-01 -1.0000000E-03
 4.0540541E-01 -1.0000000E-03
 4.0640641E-01 -1.0000000E-03
 4.0740741E-01 -1.0000000E-03
 4.0840841E-01 -1.0000000E-03
 4.0940941E-01 -1.0000000E-03
 4.1041041E-01 -1.0000000E-03
 4.1141141E-01 -1.0000000E-03
 4.1241241E-01 -1.0000000E-03
 4.1341341E-01 -1.0000000E-03
 4.1441441E-01 -1.0000000E-03
 4.1541542E-01 -1.0000000E-03
 4.1641642E-01 -1.0000000E-03
 4.1741742E-01 -1.0000000E-03
 4.1841842E-01 -1.0000000E-03
 4.1941942E-01 -1.0000000E-03
 4.2042042E-01 -1.0000000E-03
 4.2142142E-01 -1.0000000E-03
 4.2242242E-01 -1.0000000E-03
 4.2342342E-01 -1.0000000E-03
 4.2442442E-01 -1.0000000E-03
 4.2542543E-01 -1.0000000E-03
 4.2642643E-01 -1.0000000E-03
 4.2742743E-01 -1.0000000E-03
 4.2842843E-01 -1.0000000E-03
 4.2942943E-01 -1.0000000E-03
 4.3043043E-01 -1.0000000E-03
 4.3143143E-01 -1.0000000E-03
 4.3243243E-01 -1.0000000E-03
 4.3343343E-01 -1.0000000E-03
 4.3443443E-01 -1.0000000E-03
 4.3543544E-01 -1.0000000E-03
 4.3643644E-01 -1.0000000E-03
 4.3743744E-01 -1.0000000E-03
 4.3843844E-01 -1.0000000E-03
 4.3943944E-01 -1.0000000E-03
 4.4044044E-01 -1.0000000E-03
 4.4144144E-01 -1.0000000E-03
 4.4244244E-01 -1.0000000E-03
 4.4344344E-01 -1.0000000E-03
 4.4444444E-01 -1.0000000E-03
 4.4544545E-01 -1.0000000E-03
 4.4644645E-01 -1.0000000E-03
 4.4744745E-01 -1.0000000E-03
 4.4844845E-01 -1.0000000E-03
 4.4944945E-01 -1.0000000E-03
 4.5045045E-01 -1.0000000E-03
 4.5145145E-01 -1.0000000E-03
 4.5245245E-01 -1.0000000E-03
 4.5345345E-01 -1.0000000E-03
 4.5445445E-01 -1.0000000E-03
 4.5545546E-01 -1.0000000E-03
 4.5645646E-01 -1.0000000E-03
 4.5745746E-01 -1.0000000E-03
 4.5845846E-01 -1.0000000E-03
 4.5945946E-01 -1.0000000E-03
 4.6046046E-01 -1.0000000E-03
 4.6146146E-01 -1.0000000E-03
 4.6246246E-01 -1.0000000E-03
 4.6346346E-01 -1.0000000E-03
 4.6446446E-01 -1.0000000E-03
 4.6546547E-01 -1.0000000E-03
 4.6646647E-01 -1.0000000E-03
 4.6746747E-01 -1.0000000E-03
 4.6846847E-01 -1.0000000E-03
 4.6946947E-01 -1.0000000E-03
 4.7047047E-01 -1.0000000E-03
 4.7147147E-01 -1.0000000E-03
 4.7247247E-01 -1.0000000E-03
 4.7347347E-01 -1.0000000E-03
 4.7447447E-01 -1.0000000E-03
 4.7547548E-01 -1.0000000E-03
 4.7647648E-01 -1.0000000E-03
 4.7747748E-01 -1.0000000E-03
 4.7847848E-01 -1.0000000E-03
 4.7947948E-01 -1.0000000E-03
 4.8048048E-01 -1.0000000E-03
 4.8148148E-01 -1.0000000E-03
 4.8248248E-01 -1.0000000E-03
 4.8348348E-01 -1.0000000E-03
 4.8448448E-01 -1.0000000E-03
 4.8548549E-01 -1.0000000E-03
 4.8648649E-01 -1.0000000E-03
 4.8748749E-01 -1.0000000E-03
 4.8848849E-01 -1.0000000E-03
 4.8948949E-01 -1.0000000E-03
 4.9049049E-01 -1.0000000E-03
 4.9149149E-01 -1.0000000E-03
 4.9249249E-01 -1.0000000E-03
 4.9349349E-01 -1.0000000E-03
 4.9449449E-01 -1.0000000E-03
 4.9549550E-01 -1.0000000E-03
 4.9649650E-01 -1.0000000E-03
 4.9749750E-01 -1.0000000E-03
 4.9849850E-01 -1.0000000E-03
 4.9949950E-01 -1.0000000E-03
 5.0050050E-01 -1.0000000E-03
 5.0150150E-01 -1.0000000E-03
 5.0250250E-01 -1.0000000E-03
 5.0350350E-01 -1.0000000E-03
 5.0450450E-01 -1.0000000E-03
 5.0550551E-01 -1.0000000E-03
 5.0650651E-01 -1.0000000E-03
 5.0750751E-01 -1.0000000E-03
 5.0850851E-01 -1.0000000E-03
 5.0950951E-01 -1.0000000E-03
 5.1051051E-01 -1.0000000E-03
 5.1151151E-01 -1.0000000E-03
 5.1251251E-01 -1.0000000E-03
 5.1351351E-01 -1.0000000E-03
 5.1451451E-01 -1.0000000E-03
 5.1551552E-01 -1.0000000E-03
 5.1651652E-01 -1.0000000E-03
 5.1751752E-01 -1.0000000E-03
 5.1851852E-01 -1.0000000E-03
 5.1951952E-01 -1.0000000E-03
 5.2052052E-01 -1.0000000E-03
 5.2152152E-01 -1.0000000E-03
 5.2252252E-01 -1.0000000E-03
 5.2352352E-01 -1.0000000E-03
 5.2452452E-01 -1.0000000E-03
 5.2552553E-01 -1.0000000E-03
 5.2652653E-01 -1.0000000E-03
 5.2752753E-01 -1.0000000E-03
 5.2852853E-01 -1.0000000E-03
 5.2952953E-01 -1.0000000E-03
 5.3053053E-01 -1.0000000E-03
 5.3153153E-01 -1.0000000E-03
 5.3253253E-01 -1.0000000E-03
 5.3353353E-01 -1.0000000E-03
 5.3453453E-01 -1.0000000E-03
 5.3553554E-01 -1.0000000E-03
 5.3653654E-01 -1.0000000E-03
 5.3753754E-01 -1.0000000E-03
 5.3853854E-01 -1.0000000E-03
 5.3953954E-01 -1.0000000E-03
 5.4054054E-01 -1.0000000E-03
 5.4154154E-01 -1.0000000E-03
 5.4254254E-01 -1.0000000E-03
 5.4354354E-01 -1.0000000E-03
 5.4454454E-01 -1.0000000E-03
 5.4554555E-01 -1.0000000E-03
 5.4654655E-01 -1.0000000E-03
 5.4754755E-01 -1.0000000E-03
 5.4854855E-01 -1.0000000E-03
 5.4954955E-01 -1.0000000E-03
 5.5055055E-01 -1.0000000E-03
 5.5155155E-01 -1.0000000E-03
 5.5255255E-01 -1.0000000E-03
 5.5355355E-01 -1.0000000E-03
 5.5455455E-01 -1.0000000E-03
 5.5555556E-01 -1.0000000E-03
 5.5655656E-01 -1.0000000E-03
 5.5755756E-01 -1.0000000E-03
 5.5855856E-01 -1.0000000E-03
 5.5955956E-01 -1.0000000E-03
 5.6056056E-01 -1.0000000E-03
 5.6156156E-01 -1.0000000E-03
 5.6256256E-01 -1.0000000E-03
 5.6356356E-01 -1.0000000E-03
 5.6456456E-01 -1.0000000E-03
 5.6556557E-01 -1.0000000E-03
 5.6656657E-01 -1.0000000E-03
 5.6756757E-01 -1.0000000E-03
 5.6856857E-01 -1.0000000E-03
 5.6956957E-01 -1.0000000E-03
 5.7057057E-01 -1.0000000E-03
 5.7157157E-01 -1.0000000E-03
 5.7257257E-01 -1.0000000E-03
 5.7357357E-01 -1.0000000E-03
 5.7457457E-01 -1.0000000E-03
 5.7557558E-01 -1.0000000E-03
 5.7657658E-01 -1.0000000E-03
 5.7757758E-01 -1.0000000E-03
 5.7857858E-01 -1.0000000E-03
 5.7957958E-01 -1.0000000E-03
 5.8058058E-01 -1.0000000E-03
 5.8158158E-01 -1.0000000E-03
 5.8258258E-01 -1.0000000E-03
 5.8358358E-01 -1.0000000E-03
 5.8458458E-01 -1.0000000E-03
 5.8558559E-01 -1.0000000E-03
 5.8658659E-01 -1.0000000E-03
 5.8758759E-01 -1.0000000E-03
 5.8858859E-01 -1.0000000E-03
 5.8958959E-01 -1.0000000E-03
 5.9059059E-01 -1.0000000E-03
 5.9159159E-01 -1.0000000E-03
 5.9259259E-01 -1.0000000E-03
 5.9359359E-01 -1.0000000E-03
 5.9459459E-01 -1.0000000E-03
 5.9559560E-01 -1.0000000E-03
 5.9659660E-01 -1.0000000E-03
 5.9759760E-01 -1.0000000E-03
 5.9859860E-01 -1.0000000E-03
 5.9959960E-01 -1.0000000E-03
 6.0060060E-01 -1.0000000E-03
 6.0160160E-01 -1.0000000E-03
 6.0260260E-01 -1.0000000E-03
 6.0360360E-01 -1.0000000E-03
 6.0460460E-01 -1.0000000E-03
 6.0560561E-01 -1.0000000E-03
 6.0660661E-01 -1.0000000E-03
 6.0760761E-01 -1.0000000E-03
 6.0860861E-01 -1.0000000E-03
 6.0960961E-01 -1.0000000E-03
 6.1061061E-01 -1.0000000E-03
 6.1161161E-01 -1.0000000E-03
 6.1261261E-01 -1.0000000E-03
 6.1361361E-01 -1.0000000E-03
 6.1461461E-01 -1.0000000E-03
 6.1561562E-01 -1.0000000E-03
 6.1661662E-01 -1.0000000E-03
 6.1761762E-01 -1.0000000E-03
 6.1861862E-01 -1.0000000E-03
 6.1961962E-01 -1.0000000E-03
 6.2062062E-01 -1.0000000E-03
 6.2162162E-01 -1.0000000E-03
 6.2262262E-01 -1.0000000E-03
 6.2362362E-01 -1.0000000E-03
 6.2462462E-01 -1.0000000E-03
 6.2562563E-01 -1.0000000E-03
 6.2662663E-01 -1.0000000E-03
 6.2762763E-01 -1.0000000E-03
 6.2862863E-01 -1.0000000E-03
 6.2962963E-01 -1.0000000E-03
 6.3063063E-01 -1.0000000E-03
 6.3163163E-01 -1.0000000E-03
 6.3263263E-01 -1.0000000E-03
 6.3363363E-01 -1.0000000E-03
 6.3463463E-01 -1.0000000E-03
 6.3563564E-01 -1.0000000E-03
 6.3663664E-01 -1.0000000E-03
 6.3763764E-01 -1.0000000E-03
 6.3863864E-01 -1.0000000E-03
 6.3963964E-01 -1.0000000E-03
 6.4064064E-01 -1.0000000E-03
 6.4164164E-01 -1.0000000E-03
 6.4264264E-01 -1.0000000E-03
 6.4364364E-01 -1.0000000E-03
 6.4464464E-01 -1.0000000E-03
 6.4564565E-01 -1.0000000E-03
 6.4664665E-01 -1.0000000E-03
 6.4764765E-01 -1.0000000E-03
 6.4864865E-01 -1.0000000E-03
 6.4964965E-01 -1.0000000E-03
 6.5065065E-01 -1.0000000E-03
 6.5165165E-01 -1.0000000E-03
 6.5265265E-01 -1.0000000E-03
 6.5365365E-01 -1.0000000E-03
 6.5465465E-01 -1.0000000E-03
 6.5565566E-01 -1.0000000E-03
 6.5665666E-01 -1.0000000E-03
 6.5765766E-01 -1.0000000E-03
 6.5865866E-01 -1.0000000E-03
 6.5965966E-01 -1.0000000E-03
 6.6066066E-01 -1.0000000E-03
 6.6166166E-01 -1.0000000E-03
 6.6266266E-01 -1.0000000E-03
 6.6366366E-01 -1.0000000E-03
 6.6466466E-01 -1.0000000E-03
 6.6566567E-01 -1.0000000E-03
 6.6666667E-01 -1.0000000E-03
 6.6766767E-01 -1.0000000E-03
 6.6866867E-01 -1.0000000E-03
 6.6966967E-01 -1.0000000E-03
 6.7067067E-01 -1.0000000E-03
 6.7167167E-01 -1.0000000E-03
 6.7267267E-01 -1.0000000E-03
 6.7367367E-01 -1.0000000E-03
 6.7467467E-01 -1.0000000E-03
 6.7567568E-01 -1.0000000E-03
 6.7667668E-01 -1.0000000E-03
 6.7767768E-01 -1.0000000E-03
 6.7867868E-01 -1.0000000E-03
 6.7967968E-01 -1.0000000E-03
 6.8068068E-01 -1.0000000E-03
 6.8168168E-01 -1.0000000E-03
 6.8268268E-01 -1.0000000E-03
 6.8368368E-01 -1.0000000E-03
 6.8468468E-01 -1.0000000E-03
 6.8568569E-01 -1.0000000E-03
 6.8668669E-01 -1.0000000E-03
 6.8768769E-01 -1.0000000E-03
 6.8868869E-01 -1.0000000E-03
 6.8968969E-01 -1.0000000E-03
 6.9069069E-01 -1.0000000E-03
 6.9169169E-01 -1.0000000E-03
 6.9269269E-01 -1.0000000E-03
 6.9369369E-01 -1.0000000E-03
 6.9469469E-01 -1.0000000E-03
 6.9569570E-01 -1.0000000E-03
 6.9669670E-01 -1.0000000E-03
 6.9769770E-01 -1.0000000E-03
 6.9869870E-01 -1.0000000E-03
 6.9969970E-01 -1.0000000E-03
 7.0070070E-01 -1.0000000E-03
 7.0170170E-01 -1.0000000E-03
 7.0270270E-01 -1.0000000E-03
 7.0370370E-01 -1.0000000E-03
 7.0470470E-01 -1.0000000E-03
 7.0570571E-01 -1.0000000E-03
 7.0670671E-01 -1.0000000E-03
 7.0770771E-01 -1.0000000E-03
 7.0870871E-01 -1.0000000E-03
 7.0970971E-01 -1.0000000E-03
 7.1071071E-01 -1.0000000E-03
 7.1171171E-01 -1.0000000E-03
 7.1271271E-01 -1.0000000E-03
 7.1371371E-01 -1.0000000E-03
 7.1471471E-01 -1.0000000E-03
 7.1571572E-01 -1.0000000E-03
 7.1671672E-01 -1.0000000E-03
 7.1771772E-01 -1.0000000E-03
 7.1871872E-01 -1.0000000E-03
 7.1971972E-01 -1.0000000E-03
 7.2072072E-01 -1.0000000E-03
 7.2172172E-01 -1.0000000E-03
 7.2272272E-01 -1.0000000E-03
 7.2372372E-01 -1.0000000E-03
 7.2472472E-01 -1.0000000E-03
 7.2572573E-01 -1.0000000E-03
 7.2672673E-01 -1.0000000E-03
 7.2772773E-01 -1.0000000E-03
 7.2872873E-01 -1.0000000E-03
 7.2972973E-01 -1.0000000E-03
 7.3073073E-01 -1.0000000E-03
 7.3173173E-01 -1.0000000E-03
 7.3273273E-01 -1.0000000E-03
 7.3373373E-01 -1.0000000E-03
 7.3473473E-01 -1.0000000E-03
 7.3573574E-01 -1.0000000E-03
 7.3673674E-01 -1.0000000E-03
 7.3773774E-01 -1.0000000E-03
 7.3873874E-01 -1.0000000E-03
 7.3973974E-01 -1.0000000E-03
 7.4074074E-01 -1.0000000E-03
 7.4174174E-01 -1.0000000E-03
 7.4274274E-01 -1.0000000E-03
 7.4374374E-01 -1.0000000E-03
 7.4474474E-01 -1.0000000E-03
 7.4574575E-01 -1.0000000E-03
 7.4674675E-01 -1.0000000E-03
 7.4774775E-01 -1.0000000E-03
 7.4874875E-01 -1.0000000E-03
 7.4974975E-01 -1.0000000E-03
 7.5075075E-01 -1.0000000E-03
 7.5175175E-01 -1.0000000E-03
 7.5275275E-01 -1.0000000E-03
 7.5375375E-01 -1.0000000E-03
 7.5475475E-01 -1.0000000E-03
 7.5575576E-01 -1.0000000E-03
 7.5675676E-01 -1.0000000E-03
 7.5775776E-01 -1.0000000E-03
 7.5875876E-01 -1.0000000E-03
 7.5975976E-01 -1.0000000E-03
 7.6076076E-01 -1.0000000E-03
 7.6176176E-01 -1.0000000E-03
 7.6276276E-01 -1.0000000E-03
 7.6376376E-01 -1.0000000E-03
 7.6476476E-01 -1.0000000E-03
 7.6576577E-01 -1.0000000E-03
 7.6676677E-01 -1.0000000E-03
 7.6776777E-01 -1.0000000E-03
 7.6876877E-01 -1.0000000E-03
 7.6976977E-01 -1.0000000E-03
 7.7077077E-01 -1.0000000E-03
 7.7177177E-01 -1.0000000E-03
 7.7277277E-01 -1.0000000E-03
 7.7377377E-01 -1.0000000E-03
 7.7477477E-01 -1.0000000E-03
 7.7577578E-01 -1.0000000E-03
 7.7677678E-01 -1.0000000E-03
 7.7777778E-01 -1.0000000E-03
 7.7877878E-01 -1.0000000E-03
 7.7977978E-01 -1.0000000E-03
 7.8078078E-01 -1.0000000E-03
 7.8178178E-01 -1.0000000E-03
 7.8278278E-01 -1.0000000E-03
 7.8378378E-01 -1.0000000E-03
 7.8478478E-01 -1.0000000E-03
 7.8578579E-01 -1.0000000E-03
 7.8678679E-01 -1.0000000E-03
 7.8778779E-01 -1.0000000E-03
 7.8878879E-01 -1.0000000E-03
 7.8978979E-01 -1.0000000E-03
 7.9079079E-01 -1.0000000E-03
 7.9179179E-01 -1.0000000E-03
 7.9279279E-01 -1.0000000E-03
 7.9379379E-01 -1.0000000E-03
 7.9479479E-01 -1.0000000E-03
 7.9579580E-01 -1.0000000E-03
 7.9679680E-01 -1.0000000E-03
 7.9779780E-01 -1.0000000E-03
 7.9879880E-01 -1.0000000E-03
 7.9979980E-01 -1.0000000E-03
 8.0080080E-01 -1.0000000E-03
 8.0180180E-01 -1.0000000E-03
 8.0280280E-01 -1.0000000E-03
 8.0380380E-01 -1.0000000E-03
 8.0480480E-01 -1.0000000E-03
 8.0580581E-01 -1.0000000E-03
 8.0680681E-01 -1.0000000E-03
 8.0780781E-01 -1.0000000E-03
 8.0880881E-01 -1.0000000E-03
 8.0980981E-01 -1.0000000E-03
 8.1081081E-01 -1.0000000E-03
 8.1181181E-01 -1.0000000E-03
 8.1281281E-01 -1.0000000E-03
 8.1381381E-01 -1.0000000E-03
 8.1481481E-01 -1.0000000E-03
 8.1581582E-01 -1.0000000E-03
 8.1681682E-01 -1.0000000E-03
 8.1781782E-01 -1.0000000E-03
 8.1881882E-01 -1.0000000E-03
 8.1981982E-01 -1.0000000E-03
 8.2082082E-01 -1.0000000E-03
 8.2182182E-01 -1.0000000E-03
 8.2282282E-01 -1.0000000E-03
 8.2382382E-01 -1.0000000E-03
 8.2482482E-01 -1.0000000E-03
 8.2582583E-01 -1.0000000E-03
 8.2682683E-01 -1.0000000E-03
 8.2782783E-01 -1.0000000E-03
 8.2882883E-01 -1.0000000E-03
 8.2982983E-01 -1.0000000E-03
 8.3083083E-01 -1.0000000E-03
 8.3183183E-01 -1.0000000E-03
 8.3283283E-01 -1.0000000E-03
 8.3383383E-01 -1.0000000E-03
 8.3483483E-01 -1.0000000E-03
 8.3583584E-01 -1.0000000E-03
 8.3683684E-01 -1.0000000E-03
 8.3783784E-01 -1.0000000E-03
 8.3883884E-01 -1.0000000E-03
 8.3983984E-01 -1.0000000E-03
 8.4084084E-01 -1.0000000E-03
 8.4184184E-01 -1.0000000E-03
 8.4284284E-01 -1.0000000E-03
 8.4384384E-01 -1.0000000E-03
 8.4484484E-01 -1.0000000E-03
 8.4584585E-01 -1.0000000E-03
 8.4684685E-01 -1.0000000E-03
 8.4784785E-01 -1.0000000E-03
 8.4884885E-01 -1.0000000E-03
 8.4984985E-01 -1.0000000E-03
 8.5085085E-01 -1.0000000E-03
 8.5185185E-01 -1.0000000E-03
 8.5285285E-01 -1.0000000E-03
 8.5385385E-01 -1.0000000E-03
 8.5485485E-01 -1.0000000E-03
 8.5585586E-01 -1.0000000E-03
 8.5685686E-01 -1.0000000E-03
 8.5785786E-01 -1.0000000E-03
 8.5885886E-01 -1.0000000E-03
 8.5985986E-01 -1.0000000E-03
 8.6086086E-01 -1.0000000E-03
 8.6186186E-01 -1.0000000E-03
 8.6286286E-01 -1.0000000E-03
 8.6386386E-01 -1.0000000E-03
 8.6486486E-01 -1.0000000E-03
 8.6586587E-01 -1.0000000E-03
 8.6686687E-01 -1.0000000E-03
 8.6786787E-01 -1.0000000E-03
 8.6886887E-01 -1.0000000E-03
 8.6986987E-01 -1.0000000E-03
 8.7087087E-01 -1.0000000E-03
 8.7187187E-01 -1.0000000E-03
 8.7287287E-01 -1.0000000E-03
 8.7387387E-01 -1.0000000E-03
 8.7487487E-01 -1.0000000E-03
 8.7587588E-01 -1.0000000E-03
 8.7687688E-01 -1.0000000E-03
 8.7787788E-01 -1.0000000E-03
 8.7887888E-01 -1.0000000E-03
 8.7987988E-01 -1.0000000E-03
 8.8088088E-01 -1.0000000E-03
 8.8188188E-01 -1.0000000E-03
 8.8288288E-01 -1.0000000E-03
 8.8388388E-01 -1.0000000E-03
 8.8488488E-01 -1.0000000E-03
 8.8588589E-01 -1.0000000E-03
 8.8688689E-01 -1.0000000E-03
 8.8788789E-01 -1.0000000E-03
 8.8888889E-01 -1.0000000E-03
 8.8988989E-01 -1.0000000E-03
 8.9089089E-01 -1.0000000E-03
 8.9189189E-01 -1.0000000E-03
 8.9289289E-01 -1.0000000E-03
 8.9389389E-01 -1.0000000E-03
 8.9489489E-01 -1.0000000E-03
 8.9589590E-01 -1.0000000E-03
 8.9689690E-01 -1.0000000E-03
 8.9789790E-01 -1.0000000E-03
 8.9889890E-01 -1.0000000E-03
 8.9989990E-01 -1.0000000E-03
 9.0090090E-01 -1.0000000E-03
 9.0190190E-01 -1.0000000E-03
 9.0290290E-01 -1.0000000E-03
 9.0390390E-01 -1.0000000E-03
 9.0490490E-01 -1.0000000E-03
 9.0590591E-01 -1.0000000E-03
 9.0690691E-01 -1.0000000E-03
 9.0790791E-01 -1.0000000E-03
 9.0890891E-01 -1.0000000E-03
 9.0990991E-01 -1.0000000E-03
 9.1091091E-01 -1.0000000E-03
 9.1191191E-01 -1.0000000E-03
 9.1291291E-01 -1.0000000E-03
 9.1391391E-01 -1.0000000E-03
 9.1491491E-01 -1.0000000E-03
 9.1591592E-01 -1.0000000E-03
 9.1691692E-01 -1.0000000E-03
 9.1791792E-01 -1.0000000E-03
 9.1891892E-01 -1.0000000E-03
 9.1991992E-01 -1.0000000E-03
 9.2092092E-01 -1.0000000E-03
 9.2192192E-01 -1.0000000E-03
 9.2292292E-01 -1.0000000E-03
 9.2392392E-01 -1.0000000E-03
 9.2492492E-01 -1.0000000E-03
 9.2592593E-01 -1.0000000E-03
 9.2692693E-01 -1.0000000E-03
 9.2792793E-01 -1.0000000E-03
 9.2892893E-01 -1.0000000E-03
 9.2992993E-01 -1.0000000E-03
 9.3093093E-01 -1.0000000E-03
 9.3193193E-01 -1.0000000E-03
 9.3293293E-01 -1.0000000E-03
 9.3393393E-01 -1.0000000E-03
 9.3493493E-01 -1.0000000E-03
 9.3593594E-01 -1.0000000E-03
 9.3693694E-01 -1.0000000E-03
 9.3793794E-01 -1.0000000E-03
 9.3893894E-01 -1.0000000E-03
 9.3993994E-01 -1.0000000E-03
 9.4094094E-01 -1.0000000E-03
 9.4194194E-01 -1.0000000E-03
 9.4294294E-01 -1.0000000E-03
 9.4394394E-01 -1.0000000E-03
 9.4494494E-01 -1.0000000E-03
 9.4594595E-01 -1.0000000E-03
 9.4694695E-01 -1.0000000E-03
 9.4794795E-01 -1.0000000E-03
 9.4894895E-01 -1.0000000E-03
 9.4994995E-01 -1.0000000E-03
 9.5095095E-01 -1.0000000E-03
 9.5195195E-01 -1.0000000E-03
 9.5295295E-01 -1.0000000E-03
 9.5395395E-01 -1.0000000E-03
 9.5495495E-01 -1.0000000E-03
 9.5595596E-01 -1.0000000E-03
 9.5695696E-01 -1.0000000E-03
 9.5795796E-01 -1.0000000E-03
 9.5895896E-01 -1.0000000E-03
 9.5995996E-01 -1.0000000E-03
 9.6096096E-01 -1.0000000E-03
 9.6196196E-01 -1.0000000E-03
 9.6296296E-01 -1.0000000E-03
 9.6396396E-01 -1.0000000E-03
 9.6496496E-01 -1.0000000E-03
 9.6596597E-01 -1.0000000E-03
 9.6696697E-01 -1.0000000E-03
 9.6796797E-01 -1.0000000E-03
 9.6896897E-01 -1.0000000E-03
 9.6996997E-01 -1.0000000E-03
 9.7097097E-01 -1.0000000E-03
 9.7197197E-01 -1.0000000E-03
 9.7297297E-01 -1.0000000E-03
 9.7397397E-01 -1.0000000E-03
 9.7497497E-01 -1.0000000E-03
 9.7597598E-01 -1.0000000E-03
 9.7697698E-01 -1.0000000E-03
 9.7797798E-01 -1.0000000E-03
 9.7897898E-01 -1.0000000E-03
 9.7997998E-01 -1.0000000E-03
 9.8098098E-01 -1.0000000E-03
 9.8198198E-01 -1.0000000E-03
 9.8298298E-01 -1.0000000E-03
 9.8398398E-01 -1.0000000E-03
 9.8498498E-01 -1.0000000E-03
 9.8598599E-01 -1.0000000E-03
 9.8698699E-01 -1.0000000E-03
 9.8798799E-01 -1.0000000E-03
 9.8898899E-01 -1.0000000E-03
 9.8998999E-01 -1.0000000E-03
 9.9099099E-01 -1.0000000E-03
 9.9199199E-01 -1.0000000E-03
 9.9299299E-01 -1.0000000E-03
 9.9399399E-01 -1.0000000E-03
 9.9499499E-01 -1.0000000E-03
 9.9599600E-01 -1.0000000E-03
 9.9699700E-01 -1.0000000E-03
 9.9799800E-01 -1.0000000E-03
 9.9899900E-01 -1.0000000E-03
 1.0000000E+00 -1.0000000E-03
